5.087378271738877134e-01 2.613839067928779361e-02 -1.539080629154888635e-01
5.388834194174396686e-01 1.827347635265523518e-02 -2.009636851999371254e-01
4.902996862326821637e-01 1.870823485304872955e-02 -2.067406084638134800e-01
5.152729433609362086e-01 1.837153430041282842e-02 -2.231776708722627012e-01
4.720644005748443339e-01 1.889311704290544403e-02 -2.180171428605062189e-01
4.918094703263711787e-01 1.841497578035131144e-02 -2.259413774615743886e-01
4.933517395718745036e-01 5.152664148767785793e-03 -2.263020433199888215e-01
5.229656497719836761e-01 4.072918713292854711e-04 -2.338645124393846642e-01
4.872546936153802077e-01 2.152209869591507614e-05 -2.252790986243005111e-01
5.043936532773272141e-01 1.370582448688964020e-06 -2.302589118311596517e-01
4.761645994780848157e-01 1.668504560211043304e-07 -2.233822281635097218e-01
4.886331280458108273e-01 2.504092176312717077e-08 -2.270244506453203970e-01
4.931442302438162062e-01 -1.373147355414340923e-02 -2.281674854716597700e-01
5.228023557583640901e-01 -1.910452708623235074e-02 -2.357588719127021171e-01
4.926181803888616262e-01 -1.979903603650378166e-02 -2.281239277810049870e-01
5.047129084730050952e-01 -1.926506778416209320e-02 -2.313500726278830966e-01
4.751644005246543623e-01 -1.921770472776190147e-02 -2.236055640609394546e-01
4.871111437848585912e-01 -1.869171229562718167e-02 -2.268888882584414457e-01
