-1.746998102829927235e-01 6.653221926415157916e-02 4.540000000000000147e-01
-3.753671631214144933e-02 4.612091164662696779e-02 5.254999999999999671e-01
-2.334779755398566983e-02 4.218022861535475343e-02 4.806000000000000272e-01
4.498547503414623144e-02 4.211318978775686200e-02 5.081999999999999851e-01
3.288361406689565419e-02 4.013796139417780823e-02 4.660000000000000253e-01
6.809374320464660346e-02 4.009122632687282806e-02 4.838000000000000078e-01
6.843153771413638953e-02 1.488627924929811740e-02 4.862000000000000210e-01
1.013107761846093469e-01 6.480257341124655117e-03 5.120000000000000107e-01
6.604704094092107847e-02 5.295904577848020017e-03 4.803999999999999937e-01
8.749711782548376393e-02 5.460161401765454073e-03 4.953000000000000180e-01
6.301589213586114568e-02 5.175743545586272351e-03 4.694999999999999729e-01
7.708829459112449822e-02 5.300314157013588309e-03 4.808000000000000052e-01
8.160168829451734662e-02 -2.075642354751591409e-02 4.843000000000000083e-01
1.147723794479660747e-01 -3.260007436494734290e-02 5.087000000000000410e-01
8.220499480713462648e-02 -3.254384758460383831e-02 4.832000000000000184e-01
9.527234498043508915e-02 -3.163879833688716670e-02 4.937000000000000277e-01
6.654834292505515392e-02 -3.071653395368808756e-02 4.673999999999999821e-01
7.824876616684785235e-02 -2.987091779078943424e-02 4.783000000000000029e-01
