8.800000000000000000e+01 3.230000000000000000e+02
2.800000000000000000e+02 2.870000000000000000e+02
2.940000000000000000e+02 2.870000000000000000e+02
3.780000000000000000e+02 2.840000000000000000e+02
3.670000000000000000e+02 2.860000000000000000e+02
4.100000000000000000e+02 2.840000000000000000e+02
4.100000000000000000e+02 2.520000000000000000e+02
4.450000000000000000e+02 2.410000000000000000e+02
4.080000000000000000e+02 2.400000000000000000e+02
4.320000000000000000e+02 2.400000000000000000e+02
4.060000000000000000e+02 2.400000000000000000e+02
4.220000000000000000e+02 2.400000000000000000e+02
4.270000000000000000e+02 2.070000000000000000e+02
4.620000000000000000e+02 1.940000000000000000e+02
4.280000000000000000e+02 1.920000000000000000e+02
4.420000000000000000e+02 1.940000000000000000e+02
4.110000000000000000e+02 1.930000000000000000e+02
4.240000000000000000e+02 1.950000000000000000e+02
