1632.087   147.667   1199.852   -167.264   -1.212   -84.640 
1613.685   -176.782   1199.885   -163.338   7.149   2.020 
1946.489   -55.560   1199.857   -165.420   -1.817   -12.752 
2104.807   147.698   1199.885   -165.420   -1.818   -45.684 
2122.486   -90.382   1199.885   -165.420   -1.818   -59.460 
2082.006   -771.023   1199.885   158.462   -5.059   -27.498 
1911.927   -1078.142   1199.884   148.695   -5.837   23.245 
1707.925   -944.141   1199.884   174.263   18.019   17.434 
1774.965   -491.981   1199.884   -165.215   5.145   19.987 
1762.004   -117.581   1199.884   -167.180   1.379   -18.120 
2081.685   -440.142   1199.884   -155.890   -4.440   27.038 
2081.685   -972.943   1440.363   159.177   17.044   21.747 
2178.408   232.177   1199.885   -166.074   -3.137   -151.296 
1914.089   232.177   1136.045   -154.971   -9.514   -81.415 
1636.331   -110.543   1136.046   168.168   -2.420   -77.439 