19.784002132482312, -395.8032890167017, 288.6296361174512, 0.0740686764948415, -3.115885908055233, -0.12304546049499021
44.58661591970266, -379.2128474373975, 247.34781257005412, 0.08351331808583341, -2.975196860853366, 0.04085239274661643
44.60077369871478, -356.82340082232833, 289.5922902263236, 0.0887676946148333, -3.10108855130095, 0.015199714145750432
22.2055837423845, -367.6657275982245, 289.57488306632645, 0.08465589534417017, 2.982868456141706, 0.07379791941278338
68.92165801477529, -486.2578756020861, 289.5713521156477, 0.008193119459214445, -3.078157377456846, -0.5673511259713441
87.68665499497214, -429.33624258812414, 261.75646460754687, 0.1477484551955931, -3.0895506487463424, -0.145318116931678
87.6941256249296, -415.0018815125193, 234.82380360169228, 0.2603311866546789, -3.078824406924351, -0.14251985682891685
87.7084609153225, -448.661347492412, 292.8498877227447, 0.006519481372969573, -3.078535263280345, -0.37417254681221734
79.9770052922205, -481.1211454080794, 292.8181316919798, 0.6479828784866073, -2.961122271091746, -0.34714260484873444
113.7023619491926, -506.4949594534295, 342.6441695512624, 0.35253687604230843, -2.918651355049048, -0.4885664622460769
117.03491545482955, -425.21089011629915, 342.6410527527508, 0.8141759717088761, 2.985802288575681, 0.2675941078555598
55.99828511406704, -337.99751422907487, 291.20316657296913, 0.30215914274023076, 3.087435346786426, -0.17420275902591836
141.97430073273543, -380.42311823960134, 279.16062065937186, 0.12161788886640432, -3.0348454535572533, -0.15293902592613376
130.87132543067057, -356.41802508437936, 315.4987411658488, 0.23466274470322698, -3.022813329572303, -0.051717337141226304
44.79907069273472, -366.20848017920365, 220.34112241277518, 0.16011901211605092, -3.092715863835859, 0.11413351580204856
100.72414549098482, -323.23006945666805, 220.36209695857895, 0.5089451774030227, 2.9992014466380343, -0.1954205591486002
100.47350449380629, -299.7336402628107, 276.38146203324676, 0.5033446924560535, 2.9535311679611844, -0.26149684617218494
42.265424418073176, -283.32288554833274, 276.35071392731536, 0.34332053775145965, 2.9681899081348138, -0.24952116865428264
42.261397671940995, -283.3328555479276, 297.41837700643103, 0.532431390219277, 2.9499763189588424, -0.2635611187215266
38.6086162787127, -341.127312091404, 297.39580423022205, 0.4436307771471771, 2.940182426305739, 0.011924961895736141
