642.289,143.02,332.195,-2.9958,-0.0944253,1.96178
635.302,-41.8124,404.463,-3.04878,-0.409425,1.28816
546.177,301.592,382.674,-2.77897,-0.112549,-2.75903
357.102,199.236,478.112,-2.85344,-0.189259,-1.63834
724.815,136.205,401.613,-2.76003,0.0101684,1.98087
729.448,160.764,438.541,-2.97838,-0.151622,3.12152
683.998,-22.3103,360.495,-2.96536,-0.251952,1.95974
678.856,-142.711,348.735,-3.12447,-0.351842,1.97018
757.66,20.9756,261.6,-2.84998,-0.673575,1.88267
747.395,176.374,262.902,-2.67647,-0.130143,2.01445
742.527,246.364,355.764,3.10607,-0.411334,-2.43168
730.461,232.811,357.226,3.04855,-0.530463,-2.42871
696.509,340.57,359.424,-2.66621,-0.105358,2.52801
554.587,288.455,349.38,-2.9708,0.337801,2.22054
498.623,297.38,380.89,3.0392,0.166457,1.85983
433.14,258.525,376.844,-2.79188,-0.185071,-1.90304
370.061,199.169,401.688,-2.88624,-0.385978,-1.72244
409.29,94.156,396.175,3.04027,0.346025,2.90174
455.082,58.7911,360.741,3.13796,0.357647,-2.61593
471.27,65.4639,403.066,2.7649,-0.138106,2.19104
456.054,174.332,328.937,2.89134,0.252648,2.06811
653.199,225.526,338.853,-3.00774,0.0157083,1.90578
589.475,124.804,476.229,3.13817,0.157821,1.95011
729.391,113.626,475.888,-2.83646,-0.100325,2.22076



 Intrinsic of "Color" / 1920x1080 / {YUYV/RGB8/BGR8/RGBA8/BGRA8/Y16}
  Width:      	1920
  Height:     	1080
  PPX:        	948.346801757812
  PPY:        	534.264770507812
  Fx:         	1376.81018066406
  Fy:         	1374.35290527344
  Distortion: 	Inverse Brown Conrady
  Coeffs:     	0  	0  	0  	0  	0  

